380
3831
3841
3851
394
400
10842
10850
10858
406
3588
3598
3608
2032
438
440
12058
12068
12076
12084
2038
1855
2333
448
3244
2985
2993
3001
3009
3017
3025
3033
3041
3049
3057
3065
3285
3512
3520
4147
482
2865
2873
2881
2889
2897
2905
2913
2921
2929
2937
2945
2953
2961
2969
2977
1422
519
2048
3480
3488
3496
3504
1183
3530
3540
2355
3655
3665
527
1190
12102
12221
12259
12263
13001
12267
12271
13003
1549
1553
1559
1565
3899
3903
3909
3915
3939
3943
3949
3955
3979
3983
3989
3995
3074
3082
3090
3098
3106
3114
3122
3130
3138
3146
3154
3162
3170
3178
3186
10680
12346
12356
2024
3558
3568
3578
2281
2297
2299
2301
2303
1335
2117
2341
1436
1198
1266
1276
1286
1296
1306
2559
2563
2567
2571
2575
2258
2259
2260
2261
2262
2580
2584
2588
2592
4014
2364
1969
2104
1987
1999
1952
1978
3888
1960
1964
2109
2531
2539
2547
2553
10190
11640
4262
4264
4266
4268
4270
4272
4274
4276
4278
4280
4282
4284
4286
4288
4290
26912
26913
26914
11219
11229
11239
11249
11259
11269
11642
11644
11646
11648
20343
20345
20347
20349
20351
20353
11577
11578
24443
4254
22291
19806
22229
4258
4260
17912
18068
24305
19739
10631
2420
2404
2410
1877
25563
4292
4294
30832
30834
28576
28578
3986
4296
4299
24417
4405
24438
24427
4250
4252
25812
1405
2605
1236
1319
1541
1447
1248
1355
1256
25715
26286
26288
26290
26292
26294
26296
26298
26302
27066
31003
31005
31007
31015
31017
31019
31027
31029
31031
31039
31041
31043
31049
31051
31053
31057
31059
31061
31069
31071
31077
31079
31081
33892
33896
33900
33904
26436
26438
26440
26442
26444
26446
26448
26450
26452
31722
31724
31726
31734
31736
31738
31746
31748
31750
31758
31760
31762
31770
31772
31774
31782
31784
31786
31794
31796
31798
31810
31812
31814
31822
31824
31826
26378
26380
26382
26384
26386
26388
26390
31424
31426
31428
31436
31438
31440
31448
31450
31452
31460
31462
31464
31472
31474
31476
31484
31486
31488
31496
31498
31500
26392
26394
26396
26398
26400
26402
26404
31508
31510
31512
31520
31522
31524
31532
31534
31536
31544
31546
31548
31556
31558
31560
31568
31570
31572
31580
31582
31584
26424
26428
26430
26432
26434
31662
31664
31666
31674
31676
31678
31686
31688
31690
31698
31700
31702
31710
31712
31714
26324
26326
26328
26330
26332
26334
26338
26340
32029
32031
32037
32039
32045
32047
32053
32055
32061
32063
32073
32075
32085
32087
32093
32095
33279
33283
33287
33291
33295
33298
33309
33313
26406
26412
26414
26416
26418
26420
31592
31594
31596
31604
31606
31614
31616
31618
31626
31628
31630
31638
31640
31642
31650
31652
31654
33301
4399
4401
26348
26368
26370
26372
26374
26376
26931
31232
31234
31236
31364
31366
31368
31376
31378
31380
31388
31390
31392
31400
31402
31404
31412
31414
31416
33305
26304
26306
26308
26310
26312
26318
26320
26322
31111
31113
31115
31123
31125
31127
31135
31137
31139
31147
31149
31151
31165
31167
31169
31171
31173
31175
31183
31185
31187
31195
31197
31199
26344
26352
26354
26356
26360
26366
31256
31258
31260
31268
31270
31272
31292
31294
31296
31304
31306
31308
31340
31342
31344
31352
31354
31356
4256
4248
30836
33199
33201
33272
26300
31089
31091
31093
26342
26346
26350
26362
31207
31209
31211
31220
31222
31224
31244
31246
31248
31316
31318
31320
26358
26364
31280
31282
31284
31328
31330
31332
33197
33450
33824
27337
27339
27341
27343
27345
27347
27349
27351
27355
27357
27359
27363
12608
12625
12773
12775
12777
12779
12618
12620
12801
12803
12805
12807
12557
12559
12822
12824
12826
12828
12563
12565
12814
12816
12818
12820
12631
12633
12761
12765
12767
12771
12612
12614
12785
12787
12789
12791
27353
27361
27365
27367
27369
27371
27375
27379
27381
27383
27385
27387
27433
27435
27437
27439
27441
27443
27445
27447
27449
27451
27453
27455
27373
27377
27389
27391
27395
27399
27409
27423
27425
27427
27429
27431
27313
27315
27317
27319
27321
27323
27325
27327
27329
27331
27333
27335
18590
18592
18594
18596
18598
18600
18602
18604
18606
18610
18612
18614
18616
18618
18624
2817
13119
24471
24473
24475
24477
24478
24479
2613
2647
24495
24497
24499
24501
24503
24505
2679
13856
24486
24488
24490
24492
24493
24494
2629
2655
24507
24509
24511
24513
24515
24517
2621
2637
24531
24533
24535
24537
24539
24541
2801
2811
24519
24521
24523
24525
24527
24529
18608
27393
27397
27401
27403
27405
27407
27411
27413
27415
27417
27419
27421
2175
2185
2195
2205
2436
2446
2456
2466
2478
2488
21638
21640
28209
28211
28213
28215
10250
28197
28199
28201
28203
28205
28207
33708
33710
33712
8505
8517
8521
8529
6485
6437
10872
10880
10888
8537
8585
8633
8641
4435
5945
6131
6135
6527
6569
5403
5443
5179
5219
6635
6675
6719
6761
6809
6863
6923
6963
7003
7047
7087
7127
7171
22921
22923
8759
8815
8863
8903
9071
9127
9135
9207
9247
9287
9327
9367
9411
9451
9491
8333
5933
5839
4749
4789
4873
6083
4621
5683
5693
5697
4027
5091
16487
16495
5139
16503
16511
4475
16471
16479
9668
9670
9678
9680
9702
9706
9728
9734
9744
9750
9762
9772
9784
9790
9800
9808
7247
7287
7327
7367
7407
7447
7487
7535
7579
7619
7663
7703
7743
7783
7827
10694
14278
14286
4833
4959
5011
5051
9608
9622
9632
9646
9660
5643
5365
5867
6047
16311
16319
16327
16335
16343
16351
19927
19933
19939
19946
19952
7892
7893
7895
7896
7914
20218
20224
20230
20236
6243
6251
6259
6267
6275
20242
20248
20254
20264
5849
32413
5340
6295
6325
6160
6173
8748
7220
5279
32416
32417
9556
9568
9580
9582
11105
16303
11014
11017
11052
20069
20070
20124
20405
20406
20408
20409
20514
22227
22228
22553
22555
22557
16439
16447
16455
16391
16399
16407
16415
16423
16431
16359
16367
16375
16383
11309
11317
11325
11333
11341
11349
11370
16535
16537
16463
19814
24283
16278
17482
2083
19660
16519
16527
28513
8089
8091
8105
8027
25565
20280
27951
28583
33400
3563
3565
22325
22327
22329
22331
22333
22335
22337
22339
22615
22623
27904
27930
27932
27934
23674
24550
24552
24554
22782
23953
28652
24395
4393
23533
23527
24348
24644
21096
28646
25540
25542
5529
5561
5627
5489
8221
8173
8133
8135
8263
8293
25707
25736
25888
25890
25892
25894
25896
25898
25900
27064
27068
30987
30993
30997
30999
31001
31009
31011
31013
31021
31023
31025
31033
31035
31037
31045
31047
31055
31063
31065
31067
31073
31075
33890
33894
33898
33902
25906
26076
26078
26080
26082
26084
26086
26088
26090
31716
31718
31720
31728
31730
31732
31740
31742
31744
31752
31754
31756
31764
31766
31768
31776
31778
31780
31788
31790
31792
31800
31802
31804
31816
31818
31820
25968
25970
25972
25974
25976
25978
25980
31418
31420
31422
31430
31432
31434
31442
31444
31446
31454
31456
31458
31466
31468
31470
31478
31480
31482
31490
31492
31494
25996
25998
26000
26002
26004
26006
26008
31502
31504
31506
31514
31516
31518
31526
31528
31530
31538
31540
31542
31550
31552
31554
31562
31564
31566
31574
31576
31578
26038
26040
26042
26046
26048
31656
31658
31660
31668
31670
31672
31680
31682
31684
31692
31694
31696
31704
31706
31708
25908
25910
25912
25914
25916
25918
25920
25924
32025
32027
32033
32035
32041
32043
32049
32051
32057
32059
32069
32071
32081
32083
32089
32091
33277
33281
33285
33289
33293
33297
33307
33311
26016
26020
26022
26026
26028
26030
31586
31588
31590
31598
31600
31602
31608
31610
31612
31620
31622
31624
31632
31634
31636
31644
31646
31648
4395
4397
25934
25948
25950
25952
25954
25956
26929
31226
31228
31230
31358
31360
31362
31370
31372
31374
31382
31384
31386
31394
31396
31398
31406
31408
31410
33303
26056
26058
26060
26062
26066
26068
26070
26072
31105
31107
31109
31117
31119
31121
31129
31131
31133
31141
31143
31145
31153
31155
31157
31159
31161
31163
31177
31179
31181
31189
31191
31193
25928
26096
26106
26108
26110
26112
31250
31252
31254
31262
31264
31266
31286
31288
31290
31298
31300
31302
31334
31336
31338
31346
31348
31350
23735
27678
27914
28654
25861
4403
4409
4391
32772
32774
32780
4383
33915
33076
33101
33103
33178
33180
33270
25902
31083
31085
31087
32817
32819
25930
25932
25936
26104
31201
31203
31205
31213
31215
31217
31238
31240
31242
31310
31312
31314
26100
26102
31274
31276
31278
31322
31324
31326
33176
33440
33981
33983
33985
33822
178
179
180
181
182
183
184
185
186
187
188
189
190
191
192
193
194
195
196
197
198
199
200
201
17664
17666
17668
17670
17672
17674
17676
17678
32801
215
216
217
218
219
220
221
222
223
224
225
226
227
228
229
230
231
232
233
234
235
236
237
238
17648
17650
17652
17654
17656
17658
17660
17662
32803
239
240
241
242
243
244
245
246
247
248
249
250
251
252
253
254
255
256
257
258
259
260
261
262
17680
17682
17684
17686
17688
17690
17692
17694
32799
263
264
3552
3554
11283
11285
11287
11289
32782
267
2506
2508
2510
27912
27916
27918
27920
210
211
212
213
32463
206
207
208
209
2212
202
203
204
205
266
2512
2514
2516
269
1810
1814
1816
1818
1820
1822
1824
1826
1828
1830
1832
17857
17859
17861
17863
30013
30028
18036
18038
18040
18042
18044
18046
18048
18050
18052
18056
18058
18060
18062
18064
18066
18626
18635
18637
30221
32993
32994
32995
33569
33571
33572
33573
22778
18054
20306
20307
20308
21867
27922
27924
28999
29001
29003
29005
29007
29009
29011
29013
29015
28668
32436
32438
32440
32442
265
3300
3301
3302
3303
3304
3305
3306
3307
3308
3309
3310
3311
3312
3315
3316
3317
11082
11083
11084
12201
12202
12203
12204
12205
12206
12207
12208
12209
12210
12211
12212
12213
12214
12215
20327
21666
21667
22043
24563
3319
3320
3321
3322
3323
3324
3325
3326
12441
12442
20209
20210
20211
20212
20213
20312
20314
20315
21071
21668
25718
25719
28073
32435
3184
3327
3328
3329
3330
3331
3332
3333
3334
3335
3336
3337
3338
3339
3340
3341
3342
3343
3344
3345
3346
3347
12092
12093
12095
12096
12098
16591
17940
19719
20342
20524
20525
20526
20527
20528
20530
20531
20532
20533
22551
22761
23950
24311
24312
24313
24314
28374
28609
28615
28656
28667
29029
29637
30650
30651
30652
30653
32918
33091
33092
33093
33094
33095
33096
33097
33098
33856
3348
3349
3350
3351
3352
3354
11569
11572
11574
20494
20495
22536
22552
24764
3363
3368
3373
3731
3732
11584
12241
3380
3387
3388
3395
3396
3397
3398
3400
22242
24268
24625
26224
26252
26253
26254
26255
26256
26257
26258
26259
26260
26261
3402
3403
3406
3408
3409
11433
11441
11442
11443
11444
11445
11446
11447
11448
11449
11450
11451
11452
11453
11454
11455
11487
11529
12179
20433
21789
21790
21791
23087
23121
23123
23124
24270
24624
30324
30325
30326
30327
30788
3436
3437
3438
3439
3440
3441
3442
12305
12484
12485
12486
12487
23069
23566
23594
23606
23618
24241
24613
32339
33699
3443
3444
3446
3447
16594
16595
16596
16597
16598
16622
18580
25233
25235
33467
3449
3450
3451
3452
3453
3454
3455
3456
4385
21603
21610
21611
24562
3355
3356
3357
3358
3359
3361
3893
3894
3895
3416
3419
3420
3422
3425
11566
12365
12366
12367
21059
21802
24571
3392
3393
3394
16069
21803
22806
22807
22808
22809
24568
27902
27936
32797
33078
3428
3429
3430
3431
32999
33000
33001
33002
3318
3413
3417
3418
3421
3423
3424
3426
3432
11207
24572
28164
28879
28880
3412
3551
13278
21718
25739
25810
25811
3385
3386
3389
3410
11395
12180
12181
12182
12183
12184
12185
12186
12187
12188
12189
12190
12191
12192
12193
12194
12195
12196
16281
18025
22578
25544
25863
28585
3405
3411
24242
24606
25530
25538
33399
33407
30532
30536
30537
30538
30539
30540
30541
30542
30543
30544
30545
30546
30547
30548
30549
30550
30551
30552
30553
30554
2403
2406
2495
2505
13279
1201
2173
2183
2193
2203
2444
2454
2464
2476
2486
15508
15510
23525
23559
23561
23563
32465
1202
3218
10246
22572
23659
23702
23055
23057
23059
23061
23473
23506
23510
23512
23705
23707
23713
23715
23721
23723
23725
23727
22765
23523
23709
23711
23717
23719
33671
33704
33706
23536
23729
23731
2948
32787
29964
29969
29974
29979
30036
30046
30056
30066
30117
30122
30127
30132
30076
30086
30096
30106
30139
30149
30159
30169
10208
10212
10216
10221
10225
14295
14296
14297
14298
14299